
1;
5;
1;5;
14;
1;14;
5;14;
1;5;14;
33;
1;33;
5;33;
1;5;33;
14;33;
1;14;33;
5;14;33;
1;5;14;33;
34;
1;34;
5;34;
1;5;34;
14;34;
1;14;34;
5;14;34;
1;5;14;34;
33;34;
1;33;34;
5;33;34;
1;5;33;34;
14;33;34;
1;14;33;34;
5;14;33;34;
1;5;14;33;34;
41;
1;41;
5;41;
1;5;41;
14;41;
1;14;41;
5;14;41;
1;5;14;41;
33;41;
1;33;41;
5;33;41;
1;5;33;41;
14;33;41;
1;14;33;41;
5;14;33;41;
1;5;14;33;41;
34;41;
1;34;41;
5;34;41;
1;5;34;41;
14;34;41;
1;14;34;41;
5;14;34;41;
1;5;14;34;41;
33;34;41;
1;33;34;41;
5;33;34;41;
1;5;33;34;41;
14;33;34;41;
1;14;33;34;41;
5;14;33;34;41;
1;5;14;33;34;41;
55;
1;55;
5;55;
1;5;55;
14;55;
1;14;55;
5;14;55;
1;5;14;55;
33;55;
1;33;55;
5;33;55;
1;5;33;55;
14;33;55;
1;14;33;55;
5;14;33;55;
1;5;14;33;55;
34;55;
1;34;55;
5;34;55;
1;5;34;55;
14;34;55;
1;14;34;55;
5;14;34;55;
1;5;14;34;55;
33;34;55;
1;33;34;55;
5;33;34;55;
1;5;33;34;55;
14;33;34;55;
1;14;33;34;55;
5;14;33;34;55;
1;5;14;33;34;55;
41;55;
1;41;55;
5;41;55;
1;5;41;55;
14;41;55;
1;14;41;55;
5;14;41;55;
1;5;14;41;55;
33;41;55;
1;33;41;55;
5;33;41;55;
1;5;33;41;55;
14;33;41;55;
1;14;33;41;55;
5;14;33;41;55;
1;5;14;33;41;55;
34;41;55;
1;34;41;55;
5;34;41;55;
1;5;34;41;55;
14;34;41;55;
1;14;34;41;55;
5;14;34;41;55;
1;5;14;34;41;55;
33;34;41;55;
1;33;34;41;55;
5;33;34;41;55;
1;5;33;34;41;55;
14;33;34;41;55;
1;14;33;34;41;55;
5;14;33;34;41;55;
1;5;14;33;34;41;55;
